7.0
2.0
2.0
3.0
12.0
9.0
1.0
9.0
5.0
11.0
3.0
21.0
17.0
13.0
21.0
4.0
64.0
379.0
371.0
172.0
600.0
2388.0
108.0
646.0
656.0
1734.0
115.0
433.0
635.0
1520.0
1160.0
868.0
1120.0
2720.0
96.0
2239.0
980.0
1264.0
1311.0
1313.0
2606.0
518.0
182.0
198.0
39.0
378.0
2.0
4.0
357.0
214.0
110.0
427.0
79.0
8.0
1.0
37.0
2.0
30.0
3.0
640.0
51.0
1.0
99.0
12.0
11.0
2.0
4.0
7.0
12.0
157.0
27.0
3.0
11.0
8.0
6.0
7.0
3.0
1.0
1.0
222.0
57.0
2.0
23.0
41.0
24.0
10.0
74.0
31.0
124.0
36.0
16.0
83.0
2.0
3.0
1.0
4.0
336.0
155.0
5.0
11.0
22.0
51.0
20.0
2.0
3.0
23.0
2.0
11.0
4.0
8.0
3.0
1.0
1.0
418.0
192.0
242.0
377.0
398.0
64.0
44.0
1.0
2.0
1.0
12.0
43.0
90.0
6.0
34.0
8.0
165.0
94.0
2.0
199.0
12.0
498.0
4.0
77.0
1.0
285.0
196.0
4.0
72.0
174.0
2.0
53.0
53.0
